0 0.6237698412698413 0.5302910052910053 25.24000000000001 56.98000000000002
0 0.641656746031746 0.570598544973545 22.3599999999999 50.49000000000001
0 0.44122143535809755 0.6295301482827441 33.43513169236826 47.982779698868626
0 0.46254272120377704 0.49482822360351875 45.96774810637157 27.24190899482369
0 0.47246391141657273 0.6070478663504381 45.41518291930993 41.7272521562752
0 0.453723234041253 0.5362594145563522 49.42792034566776 33.027312415144365
0 0.39552970036185275 0.6182997024734044 49.47296110089087 32.145512478052524
0 0.43084821428571424 0.49988101752638087 54.559999999999945 28.37980300022423
0 0.3822990812409359 0.5335317743272067 35.75010443654651 44.96008556547281
0 0.4099145575891289 0.5397511069692877 31.631187922162553 50.927347475126
0 0.4799739140115348 0.5089661789939625 26.10517870549188 46.746274722257795
0 0.37188385364066473 0.5583944245034654 45.88624919012136 29.799511792905378
0 0.1794659088042026 0.6242117093577576 43.573455701455146 40.78379090214071
0 0.5427905974136361 0.4964713779523159 36.71204584528823 57.63021099590128
0 0.3412912551485617 0.5834240516474662 49.07365924099963 23.89274160074001
0 0.2360575851297508 0.5920581615127295 50.49581675684499 38.39611958550654
0 0.357562003968254 0.5151124338624339 50.42999999999995 24.299999999999955
0 0.26493633018120155 0.715734126984127 19.254252913048276 54.09999999999991
0 0.23640727476167625 0.6397726657972047 34.4058681609215 47.212541370746976
0 0.24403970634684097 0.709060175915389 32.051904009537225 43.997971968136426
0 0.2650637505504856 0.6190676914654031 49.95704221955907 33.439301008621214
0 0.27291699304001144 0.7068001271374745 37.5786840626738 45.387191400204756
0 0.2113907858070126 0.6488740456141139 47.25235162612512 31.671872008568698
0 0.3356205688770501 0.6365310846560847 21.15029208582746 52.26999999999998
0 0.3363048660954919 0.728702288950924 48.57877990297675 29.36427821240568
0 0.340627414512881 0.699909023221415 43.10973531593618 39.41511377844154
0 0.3153769841269842 0.576659745139463 47.22000000000003 25.240930698263583
0 0.37871775793650786 0.6833763227513227 50.889999999999986 21.549999999999955
0 0.2634747023809524 0.6839049784766915 49.97000000000003 29.40008824744757
0 0.3550605058118525 0.6321371466289957 36.23604056661088 39.90273140608292
0 0.34450416529980793 0.6345653084913105 21.08561177213801 48.13450712227723
0 0.3212912200474651 0.6683727750453208 43.113800768621104 35.74072826295014
0 0.27303507576907043 0.5660036903125406 39.86257449910818 40.79065084340027
0 0.3596155753968254 0.6464057949274965 39.8900000000001 20.568876139250733
0 0.40271142072725746 0.6936744728345012 46.747551627698385 32.588394148468524
0 0.44903521825396836 0.6941321023776973 40.350000000000136 47.66452240984381
0 0.4257266865079366 0.722323444060472 39.8900000000001 42.193905161132534
0 0.44429315476190473 0.7601818783068783 20.629999999999995 51.34999999999991
0 0.3935788690476191 0.7659476916208912 22.470000000000027 54.99418053842555
0 0.4626785714285715 0.7367438317570637 48.600000000000136 35.26665276663971
0 0.5692286706349207 0.7733874158332716 52.26999999999998 28.416454520187017
0 0.5360166966970192 0.745976254698222 25.240678917618425 57.77735595544618
0 0.5528643163811526 0.7482386909736797 33.9269768164836 48.62396593896392
0 0.5725272817460318 0.7903776462743293 45.39000000000033 31.1579976664284
0 0.7050595238095239 0.7324503968253968 24.75999999999999 56.84999999999991
0 0.6139707341269842 0.7579333042962714 52.26999999999998 23.809687808075523
0 0.8523011549563494 0.7108262515374522 46.77825678400086 25.641415350744865
0 0.6550223214285714 0.7377535923014693 50.89000000000033 27.073136880356742
0 0.5024751984126985 0.7077587527766476 47.680000000000064 29.377531603417992
0 0.7522495039682539 0.7538356785245602 38.970000000000255 42.62090814173007
0 0.6163616071428571 0.7812662574537775 26.13000000000011 57.79083745977687
0 0.790344742063492 0.7793074921577678 27.050000000000182 53.63414371491035
0 0.7913492063492062 0.5616407227620765 48.59999999999991 33.97845436748048
0 0.8207762896825397 0.5641292401371933 50.43000000000029 20.21317782512733
0 0.7583491919400053 0.5443419312169313 30.23605809789933 50.8900000000001
0 0.8146345446738994 0.6291765873015873 55.03351587483712 26.13000000000011
0 0.734223668933206 0.5162929894179895 20.230166861313137 51.350000000000136
0 0.5981596890005666 0.5317343677292612 21.580133949716128 53.655271986714524
0 0.5661084562223541 0.5415907588968808 20.59070451146863 51.369545095832336
0 0.6537423707516902 0.49732208234380654 22.97435581805439 55.018022992329634
0 0.5931563163931726 0.5770764670283263 18.83373230272855 51.32076370634195
0 0.5027626752964576 0.5487046280162623 46.78089320468371 34.417204878822986
0 0.5048671030192201 0.587635582010582 43.13888187531575 39.8900000000001
0 0.5022411164208924 0.6551058201058202 18.8638185909615 53.180000000000064
0 0.6180719598428017 0.6395899470899471 21.026142086176606 52.72000000000003
0 0.5284507215595845 0.5965145502645505 33.40808157085303 48.60000000000025
0 0.7071717188199532 0.5597095155692627 48.15637028205174 24.29232666766393
0 0.5615065771937543 0.6150081698833691 40.376328144541276 40.32470572730813
0 0.563373419504526 0.5726708309745996 17.91837255775181 52.743407132810944
0 0.45058989078981626 0.6716468253968254 27.961560335461172 47.680000000000064
0 0.7402063358479534 0.6321626984126983 48.60805386105267 29.340000000000146
0 0.5669155644616622 0.655501583743607 51.79644409057755 37.62321075933255
0 0.735841178421867 0.5964056883042992 36.23743120448489 50.43076329291853
0 0.6683517149704442 0.6750649514349817 31.19411476083178 53.643586860615414
0 0.6334300595238096 0.6990244708994711 20.170000000000073 44.47000000000003
0 0.6187624007936509 0.6098889060876084 32.55000000000018 49.95594799107312
0 0.2839307511733849 0.6275890201235949 49.991211268912366 30.73589637953455
0 0.6090574860946116 0.6833318355593225 48.5997839334741 27.944529268608676
0 0.5519208789228315 0.6838624338624338 18.735016183143216 52.719999999999914
0 0.7456671626984126 0.6465695812133906 50.43000000000029 23.393586410706803
0 0.7286986352513757 0.5647059499428133 44.952897333546844 38.06920737293285
0 0.42878695603856715 0.6281635594902749 43.849006747502585 30.653396101408703
2 0.20786458333333332 0.583449525381513 39.25 41.348635246304866
2 0.20944641473646822 0.632392499362415 38.00848481693049 36.70508192805687
2 0.21103670634920635 0.6783855498632091 42.65999999999997 48.617902786344075
2 0.27177546214342685 0.6682329360334295 38.38133663770327 45.236398565090894
2 0.3024334003204939 0.5284056437593664 43.07147009223149 47.38133327167611
2 0.3267682699203909 0.5240367462564101 50.77033568098409 33.27287932061586
2 0.23241071428571428 0.6029154223862077 42.66000000000008 36.24376270410812
2 0.2533474167889086 0.568205268487653 49.0767844928796 26.007268093337416
2 0.35126494100344235 0.49446683364379024 46.07975787412056 43.527704938821444
2 0.3558523750908624 0.533229837951019 46.9432236336429 35.852970036118904
2 0.446114891981294 0.5676494217417885 42.204755531422734 47.77961652222575
2 0.4679030866272853 0.4847992511086505 53.33475471878569 35.86706464744134
2 0.43805059523809525 0.552854334656753 55.460000000000036 22.588491997978736
2 0.517652385350038 0.5296665112373463 35.84718841758695 50.34847001826529
2 0.5045411706349207 0.512598644729517 29.01000000000022 58.44169833794058
2 0.5247149464791696 0.570455896623427 25.952081927309337 49.90136861075689
2 0.413603965204779 0.5783718385703837 48.19118770566888 29.0235601631598
2 0.4449255952380953 0.5416926892652215 46.5 34.14130766197013
2 0.38602408181999565 0.6114043890663089 50.87531313082877 29.750233806979395
2 0.5299413552051242 0.5092100227575209 41.79645581293971 39.68889118125685
2 0.538059283241082 0.5704420106722616 44.8150300280422 33.69962815551571
2 0.38154958232790476 0.5648217640491319 57.187915946111616 27.262162792656227
2 0.4976252224985378 0.5618646523397587 47.33510288589582 39.701291324569866
2 0.6028014861652216 0.5711858585318796 25.224407781826812 51.78603620040417
2 0.6320308607705051 0.5779058368397275 24.271569373323473 49.927250603336006
2 0.5991815476190476 0.6315017448984881 49.059999999999945 24.698723426972037
2 0.581232638888889 0.6225000940271849 25.170000000000073 55.8941782851341
2 0.6573809523809526 0.6345129969137577 19.200000000000273 52.472697332797
2 0.6927306547619048 0.49667989417989417 26.809999999999945 60.98000000000002
2 0.7062624007936507 0.6559887566137567 26.00999999999999 43.90999999999997
2 0.7469712321907575 0.7022111452383824 44.7519918068665 34.97349679913168
2 0.7211659344842938 0.6802186077757136 47.33895215932762 39.23893008624145
2 0.7120734126984127 0.6126884920634921 55.0 20.889999999999986
2 0.7202925508943309 0.7879166666666668 30.660434794057892 41.7800000000002
2 0.6549536420036275 0.7767559523809523 20.02824654589449 52.01000000000022
2 0.613876488095238 0.7053158158148489 51.590000000000146 19.6511923403973
2 0.7524280753968254 0.7846693121693122 19.6099999999999 52.440000000000055
2 0.5886663905964953 0.7399730433287383 44.3571131149306 31.941516973895432
2 0.7447150275162036 0.7253197556175466 22.56900905466682 52.893038565497136
2 0.591557684847347 0.6912255053769508 31.5594146954968 50.28592825989972
2 0.5920826365336244 0.7058963183573791 19.087595210255586 42.60603227726415
2 0.8498217748863763 0.655109126984127 56.08139634186978 22.33000000000004
2 0.48125583940828265 0.6900837792309669 45.63645550580429 36.14665160555637
2 0.5632222740443708 0.7207040769543611 54.16779105309729 22.3108712900123
2 0.8231820436507936 0.5765343915343916 40.86999999999989 19.480000000000018
2 0.4973342529190698 0.7496064814814816 22.36829223031043 50.850000000000136
2 0.543309599846073 0.7007449336588715 42.304306579365175 38.01287053296551
2 0.8155285362810877 0.6164740880094479 43.27105828534627 20.362357859429608
2 0.4830059523809524 0.7561877036260404 41.34000000000003 32.84838423485394
2 0.47525223424313984 0.6588378740849296 41.29036261284534 46.10620333672807
2 0.4632314583673864 0.6434233409341433 29.910759862697773 50.871496297806175
2 0.48953533743446426 0.6552083333333333 25.60374368053988 44.66999999999996
2 0.3658221658204157 0.7355053223695477 49.419999999999845 32.81106725247378
2 0.43202406068187627 0.7656482010746631 22.71898733067485 50.90892223677952
2 0.4260923463200599 0.6496983425947643 42.795659637518725 39.47221199343255
2 0.37466509376909835 0.6522150971242844 33.710341922995326 52.71845370383619
2 0.40534927455477615 0.7585675336186747 23.75254547536167 51.33177833712875
2 0.3532108903407549 0.6792588352008223 47.0704969504842 37.5212823527138
2 0.3045566102612621 0.7149272486772486 20.967747426591018 53.22000000000003
2 0.3056892585366687 0.6214451058201058 33.7209095801519 47.04999999999984
2 0.30222828917147 0.5770257683150846 46.104461939366956 32.61407661518456
2 0.3060211751804302 0.6747202093454 35.24262167250538 47.506086939510624
2 0.3553125 0.5943618332629148 54.039999999999964 21.00981621294568
2 0.3436731150793651 0.5662797619047618 44.110000000000014 31.389999999999986
2 0.28586805555555556 0.6390640992394825 44.5 35.79720932134933
2 0.3246563895725553 0.5947463577790838 43.274562756542764 38.12701407605073
2 0.3181847549048404 0.6539746967784879 48.46093177631633 34.60642766262663
2 0.34312125670472804 0.7136166014435725 45.704907033463314 34.593553326914844
2 0.5197370589762743 0.7161677132649417 40.1398217923379 42.928835086816434
2 0.4143754397490688 0.722240812445158 33.401148116066906 43.30681582774969
2 0.648960441059263 0.6844144685997591 50.47150164905179 22.270646954329095
2 0.5634562690251015 0.6266509088403737 37.75567670920873 42.90765166671008
2 0.7285182814203905 0.5459374245799973 42.50571068701447 40.14522807008825
2 0.5270910966169355 0.6337467347814563 42.94130535531758 34.18987402087669
2 0.7490389547567903 0.611749408052942 47.685065579378715 34.56979004790355
2 0.7977058531746032 0.5296431254508349 22.65000000000009 52.05918863667512
2 0.7724715046160103 0.5731442856172174 27.43489338824611 48.45168029353431
1 0.20011141151216036 0.6134969248381493 69.54921121703057 73.40529928943693
2 0.8099503968253968 0.5122443029477923 48.48000000000002 39.35322788587587
2 0.6959821428571429 0.5061775965220627 29.40000000000009 48.48105188271802
1 0.2821718008946051 0.6684805872904879 64.27936604407716 83.6347040335636
2 0.6632777424645728 0.5323257659207515 23.85181127481792 54.4268838556477
2 0.6057281448332145 0.5395809886531452 18.66843471917764 52.05290968711097
1 0.23090029761904762 0.6333986791878892 57.17000000000007 81.49575242688024
1 0.23229194889204982 0.6820866055555349 81.91886206725508 61.430104800062054
1 0.28546130952380955 0.728343253968254 95.86000000000001 17.84999999999991
1 0.24933002276889707 0.6665608465608465 86.62134819580706 52.90000000000009
1 0.3358079989504922 0.6699966931216931 63.18214823161577 84.12999999999988
1 0.41308531746031746 0.778343253968254 97.89999999999998 16.829999999999927
1 0.3542617736409269 0.7075992063492063 45.90347132021736 92.79999999999995
1 0.2941811542145971 0.7023697530308518 80.05977353549486 54.509630020263785
2 0.6932173113387402 0.4969760745470069 25.447800682199613 59.615326451707006
2 0.5595946431124528 0.5319545731775522 23.480395838178993 60.00937071108251
1 0.4492509920634921 0.7181519460315351 95.86000000000001 55.02409520837705
1 0.47966575253924093 0.7200133991189152 52.49231423821959 89.22051893559933
1 0.21502955778883298 0.603208107466512 61.44949463293517 72.09868302126756
1 0.32516850077183745 0.697311507936508 61.2006048879515 83.1099999999999
1 0.42636277041916254 0.6953889734377501 84.16604226116362 53.52374432424335
1 0.48511148748170047 0.7260844487372453 49.969517526216464 89.24062701856951
1 0.6230352249216651 0.7319576719576718 16.35802688415356 100.95999999999981
1 0.3637336261337831 0.706419903212877 28.013980571413526 94.31122477360009
1 0.5757683135162416 0.7466567460317461 26.001210498597857 99.43000000000006
1 0.6375669642857144 0.7931646825396824 108.6099999999999 17.84999999999991
1 0.42129502315682377 0.6791910321452415 61.70556199045075 79.03159243380446
1 0.5420165636679017 0.7200198412698413 80.53203820719204 59.66000000000008
1 0.6131026785714285 0.6915420849713187 90.24999999999977 24.898006681939705
1 0.5160958472109568 0.7327863819896012 98.41845595457812 17.80212791138115
1 0.4247172619047619 0.7464748677248678 96.88 15.299999999999955
1 0.5890152112602832 0.7690485011629664 46.37066819853703 94.83817341230383
1 0.7317643185522619 0.7593766046064233 82.10626759728007 59.13485232982407
1 0.6609176524482456 0.7089162678272132 26.960025328673282 96.89720609050653
1 0.5707390873015874 0.7015921587679779 97.89999999999986 22.085603707661676
1 0.7379312144780009 0.6755621693121693 24.02677842950493 100.95999999999981
1 0.6903789693611067 0.6777550988698305 89.20800446398175 45.344639692326496
1 0.7258308136781704 0.7421823111250861 96.8898407503832 26.446553131873088
1 0.6744965277777777 0.5112566511345049 98.41000000000008 18.399886969256954
1 0.859621886002216 0.6828141534391535 19.844555639064993 102.4899999999999
1 0.7711011904761904 0.7687912464700405 97.89999999999986 22.458152554754406
1 0.7218400812831852 0.650389978691168 47.89920773380368 90.78070443790762
1 0.7001761217852178 0.5874830312050955 20.366458141070552 96.89131363579156
1 0.8093088765537557 0.542963759482306 53.5389047937349 89.73778770922024
1 0.7307737515606533 0.5965890166292123 58.13976629255353 81.56114485556293
1 0.8090291409441501 0.5892536850435013 23.436605509049286 97.89685642845245
1 0.780342261904762 0.5507159754470988 95.8599999999999 29.605734897745037
1 0.7494904745238887 0.5539318783068784 69.33440671968015 68.83000000000004
1 0.5783043409120567 0.5181256837503324 96.90850241895555 16.81237234096568
1 0.612827380952381 0.6547794591299108 35.180000000000064 96.86691559114956
1 0.5989184512329032 0.602675918141871 94.33942385875662 29.006162612563912
1 0.585639880952381 0.554420556501977 95.8599999999999 13.312237138021715
1 0.7171134759056199 0.49794090402410196 89.77276071999518 27.958370776354627
1 0.5429134506540239 0.5575965261516811 97.89663260895554 13.31189508268369
1 0.6218077874910641 0.5572874783324993 94.84899916397012 12.810586912812255
1 0.8267141376924155 0.6015594894588854 27.568596824180304 98.41589612366909
1 0.7570726665366919 0.5974433787288934 89.76487568257448 51.49374666077517
1 0.4951929451789898 0.532260952124134 89.24204503831265 43.32288077661826
1 0.42396229587558126 0.5279662698412699 31.05088734615981 101.47000000000014
1 0.520122331670411 0.49057767531081525 95.3532412950965 41.82294860909394
1 0.44470161398261127 0.5112677277178784 47.38476161344022 91.78639138113556
1 0.6388751565674227 0.6502015474227179 92.28463127984855 19.877310134821414
1 0.6130828373015873 0.5908604174630465 96.36999999999966 12.238097591747305
1 0.48493055555555553 0.6368658541172282 92.79999999999995 34.13765714950193
1 0.5558159722222222 0.5852244258907108 64.24999999999977 76.51976622648874
1 0.5468725198412698 0.6705224867724867 56.08999999999992 82.59999999999991
1 0.5221875 0.5366721087986437 70.3599999999999 76.49645700709846
1 0.643936011904762 0.544128073276706 101.47000000000003 19.956706411241043
1 0.5088270432240508 0.6179728835978836 62.72936172062748 80.05000000000007
1 0.4528745039682539 0.6561986312041705 86.16999999999996 58.61533923858849
1 0.5406498015873016 0.6224933862433862 81.57999999999993 59.65999999999997
1 0.37158234126984135 0.5048617566269181 80.56000000000006 69.33804796019956
1 0.4688598686368123 0.5161583437653545 47.942990343627 97.39716845356782
1 0.4280941936950133 0.5990253841879267 49.44421102170679 92.80723821570962
1 0.3978893849206349 0.586306216931217 43.85000000000002 92.28999999999996
1 0.49150297619047617 0.5926819558439113 67.29999999999995 82.09023447198763
1 0.42383954451159095 0.5654043513984208 89.71895652926526 55.602758628824745
1 0.47278769841269846 0.6759708210840077 93.82000000000005 39.23576295803923
1 0.34234314983678715 0.5369609788359788 39.74758014192582 92.28999999999985
1 0.30025421477919534 0.6068617724867725 53.524993989715654 93.31000000000006
1 0.3638665674603175 0.6208493153783174 23.45000000000016 100.95620549339367
1 0.3528645833333333 0.6570928967100963 91.26999999999987 36.24506423951459
1 0.32719646013639303 0.6156911044928749 91.80343437449767 39.15506919597158
1 0.26739644882769786 0.5900035962944012 42.2375183267219 90.22912480573052
1 0.32971707171263676 0.5546696905143479 36.64076685464886 94.84114411538792
1 0.3570122627412973 0.5610714285714286 44.8534433729111 93.82000000000005
1 0.34464921985092517 0.6048327006955215 77.49434556107019 68.84591309674272
1 0.29216811684187477 0.5559340527823178 72.92184710643903 73.92457561372919
